x = [0, 0.00166667, 0.005, 0.01];
